00111100000001000000000000000000
00110100100001000010000000000000
00110100000001010000000000010000
00100000000010000000000000000001
00000000000000000000000000000000
00000000000000000000000000000000
00000000000000000000000000000000
00010001000001010000000000011101
00000000000000000000000000000000
00000000000010000100100000100000
00100001000010101111111111111111
00000000000010010101100010000000
00000000100010110101100000100000
10001101011011000000000000000000
00000000000010100110100010000000
00000000100011010110100000100000
10001101101011100000000000000000
00000000000000000000000000000000
00000001100011100000100000101010
00000000000000000000000000000000
00000000000000000000000000000000
00000000000000000000000000000000
00010000001000000000000000001010
00000000000000000000000000000000
10101101101011000000000000000000
10101101011011100000000000000000
00100001001010011111111111111111
00100001001010101111111111111111
00000000000000000000000000000000
00000000000000000000000000000000
00000000000000000000000000000000
00000101010000011111111111101011
00000000000000000000000000000000
00100001000010000000000000000001
00000000000000000000000000000000
00001000000000000000000000000111
00000000000000000000000000000000
00000000000000000000000000001101
